10000
2980950684
5047459100
3811658223
6951565505
0200306553
4924502386
59278
633
776524
9967765390
8044781997
1892478193
28214
3855270610
1130326923
9809183034
820100
8885
4619435592
29266
836509
99491441
56296949
1070927140
97698013
7897498543
8061007579
840244
010
76428554
0739
2760084089
0249748838
84684
9030
6296653571
935919
0323041149
8457863538
5887086893
5831
0091759279
0592493370
3952473493
1000453831836
2584942818
546757229115
3193077168
8248210669
7505293
8542929
462606597
0525675869
839896
46166092
9052964578
2176471974
7866215164
8704925708
5655826045
2458
6716286
3470552782
4393722090
2255923569
8433097018
744223
319
821287
6296657916
1410626991
7629841940
7165689252
7340546529
066
8767396542
9280141811
950233
05829141830
5483506538
9913386399
27607
7791
4728286148
973552435531
1560126690
2307194786
0595602871
5879
3079518855
4124346
4247670
7660997091
064241442872
8029512991
762
7572306386
6964871932
7756849173
083466
3151210517
778
5955162172
485929
1857010586
2013858504
8590088501
1531375506
6949934572
69173077
3678312288
2995248656
7093709073
2105013973
5852029555
001768674
072
46434092
415
3541
3345983075
3266689970
2655911006
1810079233
4709488619
9918762766
2965
9681167134
3317
1658330718
6395746295
3009277781
6089567977
71950
36676
65567261
5549933729
8712979660
5713630
9682920987
2012565
2205659374
54784313706
58902488
9251046
2624
1220417
43428
2650
7782434147
5832389
5535487607
265050
1739875
3490053815
9983613638
94134863
7980212546
8806389464
5815574467
6476668988
0480973914
2722
9108239813
3801704019
9537
8904308300
4415743715
9279
2698766
7754
616905
2923455975
3838
1837416874
0675623495
562440
5823517046
2538927555
2312877190
0966933530
4061469985
144
1001140
73274
6080
17234
937194